64424
67744
72253
67806
67632
86060
86061
86062
86063
86064
86065
86066
86067
86068
86069
86070
86071
86072
86073
86074
86075
16110
49032
19161
23227
55353
52334
27620
71154
72500
72501
72502
72503
72504
26220
28000
28001
28002
28003
28004
28005
28006
28007
28008
28009
28010
28011
28012
28013
28014
28015
28016
28017
28018
28019
35320
52041
84000
90444
27300
56530
68091
62214
75740
19212
17441
91484
86488
85142
52423
53631
27614
93522
64845
60223
84293
84294
75100
75101
36021
36023
41346
94200
94201
94202
94203
94204
94205
94206
94207
94208
94209
94210
94211
94212
94213
94214
94215
94216
94217
94218
94219
94220
94221
94222
94223
94224
94225
94226
94227
94228
94229
94230
94231
94232
94233
94234
94235
94236
94237
94238
94239
94240
94241
94242
94243
94244
94245
94246
94247
94248
94249
94250
94251
94252
94253
94254
94255
94256
94257
94258
94259
94260
94261
94262
94263
94264
94265
94266
94267
94268
94269
94270
94271
94272
94273
94274
94275
94276
94277
94278
94279
94280
94281
94282
94283
94284
94285
94286
94287
94288
94289
94290
94291
94292
94293
94294
94295
94296
94297
94298
94299
87300
87301
87302
87303
87304
66400
54113
51635
85540
71140
67742
64220
64221
64222
15123
67021
42087
22255
13400
13401
13402
13403
13404
13405
13543
15560
51620
52421
19733
28153
09052
24213
34380
73485
20373
94600
52400
53800
53802
55300
74842
74023
64260
75230
90250
16261
52310
52311
52312
42700
62403
51010
20351
78651
82094
35431
07832
07833
60115
20112
22350
30650
30651
39420
66214
19617
47711
38543
60540
22653
70435
90233
64200
64201
64202
64203
64204
64205
64206
64207
64208
64209
64210
64211
64212
64213
64214
64215
64216
64217
64218
20721
20843
24413
28314
78312
71635
60360
56664
66101
38512
55247
26325
59216
59020
41462
80454
23000
67841
89425
12700
57370
11255
64700
64701
64702
64703
47412
48424
07500
90212
16512
80606
80461
16500
84500
84501
84502
84503
84504
84505
84506
84507
84508
84509
84510
41411
19153
52462
56100
19222
11124
90561
42512
19835
62489
19251
62322
08320
87660
20433
35842
47707
35342
09100
09101
09102
09103
09104
09105
09106
09107
09108
09109
09110
09111
09112
09113
09114
09115
09116
09117
09118
09119
09120
09121
09122
09123
09124
09125
09126
09127
90614
67700
67701
67702
67703
67704
67705
67706
67707
67708
67709
67710
67711
67712
67713
67714
67715
67716
67717
67718
67719
70441
80062
80063
39220
39221
66161
85043
85044
85045
85046
85047
67231
42630
90132
48530
42310
92800
08140
30343
30200
92014
57231
75000
85012
85013
85014
85015
85016
19635
11055
92200
92322
22120
41800
92016
87442
19845
60233
71053
38340
87343
78460
24814
80710
62540
38610
34350
67600
67601
67602
64141
13300
71100
71101
71102
71103
71104
71105
71106
71107
71108
71109
71110
71111
71112
71113
71114
71115
71116
71117
71118
71119
71120
71121
71122
71123
71124
71125
71126
71127
90202
59233
47500
47501
47502
47503
47504
47505
82460
16740
57401
16643
07540
07541
07542
07543
30053
68543
24834
15622
56203
55620
34600
34601
34602
34603
34604
34605
34606
37040
80260
67300
67301
67302
67303
67304
67305
62363
45765
63323
20321
84541
71130
55322
24111
53624
34212
74300
19042
80612
60120
24400
09444
08628
75650
71000
71001
81644
48733
94864
71330
26400
94779
57150
45490
52370
87330
55325
67460
75011
19774
34230
64800
64801
64802
64803
64804
64805
64806
64807
64808
07835
89632
59013
07431
27200
19014
81220
81221
17400
77132
64560
85530
90645
19852
51464
07433
27433
56419
62100
62101
62102
62103
62104
62105
62106
62107
62108
62109
19914
77700
85643
51486
63810
09700
09701
09702
87060
52323
35162
28516
72131
68700
68701
68702
77200
77201
77202
77203
77204
82170
20045
77146
92443
57036
11152
24810
45605
35210
90310
16400
82300
82301
82302
82303
82304
82305
82306
82307
82308
82309
82310
82311
82312
82313
82314
82315
82316
82317
82318
82319
82320
82321
82322
82323
82324
82325
82326
82327
82328
82329
82330
82331
82332
82333
82334
82335
82336
82337
82338
82339
82340
82341
82342
82343
82344
82345
82346
82347
82348
82349
82350
82351
82352
82353
82354
82355
82356
82357
82358
82359
82360
82361
82362
82363
82364
82365
82366
82367
82368
82369
82370
82371
82372
82373
82374
82375
82376
82377
82378
82379
82380
82381
82382
82383
82384
82385
82386
82387
82388
82389
82390
08300
08301
08302
08303
08304
08305
08306
08307
08308
08309
08310
08311
08312
08313
08314
08315
08316
08317
08318
81092
38131
63220
08520
63800
63801
63802
63803
63804
63805
63806
63807
20921
34061
68540
07800
07801
07802
07803
07804
07805
74152
42621
90442
02088
17533
48700
48701
48702
19341
72431
23233
60021
60321
08150
08151
08152
08153
08154
08155
08156
08157
19311
23130
17410
77462
55401
22870
39150
75143
07400
07401
07402
07403
07404
07405
07406
07407
07408
07409
34110
22115
80600
80601
80602
80603
80604
80605
80606
24052
68663
77614
77611
77612
77613
12605
59350
79491
94100
19750
38712
64320
35442
48154
59030
42238
19620
62456
16261
44523
08120
60142
51120
19243
77065
20114
60546
86487
51470
55150
68094
09254
20610
77111
77112
77113
77114
77115
41700
80500
80501
80502
80503
80504
80505
39213
80071
08292
08293
08294
08295
48400
48401
48402
48403
48404
48405
90556
45621
13012
84169
84170
84171
19821
89645
08072
80210
13246
53172
85754
63000
63001
63002
63003
63004
63005
63006
63007
63008
63009
94835
19520
60411
24240
34400
17600
51325
35612
08619
60130
57047
74820
86000
71601
71602
71603
67613
60232
52600
08602
08603
08604
08605
08606
08607
08608
08609
08610
08611
08612
20624
62495
62496
62497
11522
19963
63212
20250
20251
94560
59210
81620
08320
74100
38300
71400
47724
09550
08636
38041
19940
90232
15071
26241
89463
07442
16450
71311
71312
71313
08440
90330
24546
53861
37052
74500
55130
67100
23823
85500
85501
85502
85503
85504
85505
35360
42800
38623
38540
08540
08641
77510
11161
11150
42333
20745
90242
47740
38521
47722
47144
82484
08713
19930
90312
75131
39032
89440
89625
34725
80074
80075
09236
37645
89000
42442
62600
62601
62602
62603
62604
62605
62606
90615
67668
08050
59052
81555
81556
22060
45624
90143
94466
19854
67832
34531
80434
94785
52571
67140
09030
80453
44164
90453
24032
37362
35670
24623
51453
38272
90326
20516
64219
19531
74731
19641
19972
38251
59420
35360
16341
22125
64370
16624
51600
90611
82554
82614
86040
59034
74722
74402
20022
77324
42351
70224
78700
51660
19855
07560
57009
53245
72202
92733
74344
38250
57160
19923
77351
44220
60214
59200
67543
22553
37044
20014
68355
90351
62500
79495
79496
21000
23219
19340
57456
68722
90300
56175
68733
75144
32500
41850
56241
08170
08740
77533
08341
47313
52151
08132
08133
08134
37712
20444
37860
44700
44701
44702
44703
44704
44705
44706
44707
44708
44709
34309
85721
56065
70411
08842
68741
27552
38105
64010
90610
72020
38520
51633
87611
71319
85040
85041
55320
70220
72360
56500
07752
56543
19741
87350
23031
77316
38840
52472
07621
31256
81323
32223
85700
85701
85702
85703
85704
85705
85706
89100
15342
09300
94823
17130
59213
89030
82663
31200
31201
31202
31203
31204
31205
31206
31207
31208
07545
62500
62501
62502
62503
62504
62505
62506
62507
62508
76491
78341
51700
51260
55650
70002
90553
08297
15051
41811
41140
23252
19532
19234
17442
08352
78595
38012
70624
41734
75350
57210
19314
81453
56301
16310
77552
67620
09422
67754
37263
12426
62459
62460
62461
62462
62463
37022
16412
74000
34111
11110
63830
15106
07300
07301
07302
07303
07304
90454
19534
72132
53614
07350
64740
23202
08003
37300
44009
26300
23700
08412
16671
85620
57286
77100
77101
77102
77103
77104
81122
90535
78320
78051
19409
24622
62509
08160
51270
51271
67554
78260
60225
19715
63433
75500
75509
92023
92024
20356
08753
19601
60500
80314
37112
37223
11115
75633
08413
08630
08631
53001
59355
34221
35710
42081
80720
80721
39000
08350
62410
17263
80054
41400
22130
60400
16750
24232
08340
17640
81741
23310
07452
38310
60524
75600
68724
45070
26500
12325
20936
44323
80736
09833
32340
51230
77343
84691
24112
15558
22216
08324
35433
60522
16311
20431
08114
08105
90430
39800
59452
86782
74600
07222
85487
85488
80192
50480
86591
19050
78100
78101
78102
78103
78104
78105
34381
09310
35341
19500
19501
19502
19503
19504
19505
19506
19507
15631
24615
11714
47851
20383
15100
22753
81500
81501
81502
81503
81504
35331
32000
32001
32002
32003
32004
32005
32006
32007
89656
09242
45700
45701
45702
57356
77760
09852
59442
93292
81625
11560
08289
08290
08291
08292
77520
35400
77623
10000
35316
67640
39070
63542
53855
87123
11634
34551
23731
37400
37401
37402
37403
37404
37405
37406
08662
16020
35841
67842
08750
75240
16561
67551
48210
42223
30455
13337
19015
85345
85346
11542
60020
13132
75352
60220
08052
42733
82132
64720
55225
60414
90570
20810
62132
51250
67353
52370
70200
70201
70202
70203
70204
70205
70232
11563
32325
23203
51110
28540
08124
56660
64780
48205
31610
77745
62131
81151
59021
67842
53060
08624
92833
90443
60041
48146
75032
19441
85611
67624
82443
22740
19330
62700
62701
62702
62703
62704
62705
62706
62707
62708
62709
62351
62731
84700
84701
84702
84703
84704
84705
84706
84707
84708
84709
84710
84711
84712
84713
84714
84715
84716
84717
84718
84719
84720
84721
84722
84723
84724
84725
84726
84727
84728
84729
84730
84731
84732
84733
84734
84735
84736
84737
84738
84739
84740
84741
84742
84743
84744
84745
84746
84747
84748
84749
84750
84751
84752
84753
84754
84755
84756
84757
84758
84759
84760
84761
84762
84763
84764
84765
84766
84767
84768
84769
84770
84771
84772
84773
84774
84775
84776
84777
84778
84779
84780
84781
84782
84783
84784
84785
84786
84787
84788
84789
84790
08434
53132
16080
17332
80462
38132
37050
90625
78442
35209
07335
81763
92110
19822
81613
24832
08431
37732
08444
09832
12422
19770
35053
32200
32201
32202
32203
32204
32205
62300
62301
62302
62303
62304
62305
62306
62307
62308
62309
23532
38611
52510
19430
17120
89671
68341
23240
17024
16212
24450
23545
48531
78354
77750
20141
94789
24531
09700
38500
60331
59115
55240
80254
52740
86262
71153
08112
27424
57545
68710
39440
19751
16573
20332
51115
71321
51650
15545
71630
74987
60141
20142
27000
27001
27002
27003
27004
20335
56156
56312
82042
82043
85000
85001
85002
85003
85004
85005
85006
85007
85008
85009
80337
67500
80412
78454
48321
59444
24513
15011
90560
81610
12724
24544
28631
85740
85741
85742
85743
85744
85745
85746
85747
62482
62483
90154
59120
12410
60334
77500
77501
77502
77503
77504
77505
77506
77507
77508
08743
70223
28500
70420
66442
75224
78363
44232
56401
44110
19754
63462
93890
85772
90113
16721
23217
70234
45133
56570
59423
08654
52071
39351
19800
19842
90432
60356
59353
84450
84451
82100
82101
82102
82103
82104
82105
82106
82107
82108
82109
82110
82111
82112
82113
82114
82115
82116
82117
82118
82119
16331
09130
41220
48130
16702
84200
84201
84202
84203
84204
84205
84206
84207
84208
84209
84210
84211
84212
84213
84214
84215
84216
84217
84218
84219
84220
84221
84222
84223
84224
84225
84226
84227
84228
84229
84230
84231
84232
84233
84234
84235
84236
84237
84238
84239
84240
84241
84242
84243
84244
84245
84246
84247
84248
84249
84250
84251
84252
84253
84254
84255
84256
84257
84258
84259
84260
84261
84262
84263
84264
84265
84266
84267
84268
84269
84270
84271
84272
84273
84274
84275
84276
84277
84278
84279
84280
84281
84282
84283
84284
84285
84286
84287
84288
84289
84290
77644
19631
45109
62052
80381
35600
35601
35602
35603
35604
35605
35606
35607
35608
41321
74642
90531
94638
64563
17590
41655
89210
38530
34100
08330
74233
81724
90513
19645
32400
32401
32402
32403
32404
32405
32406
32407
32408
09714
07330
17084
60407
94692
22341
60544
35361
92820
77411
55501
27341
51831
85651
72130
15212
72112
11200
11201
11202
11203
11204
11205
86400
86401
86402
86403
86404
86405
86406
86407
86408
86409
86410
86411
86412
86413
86414
86415
86416
86417
86418
86419
86420
86421
86422
86423
86424
86425
86426
86427
86428
86429
86430
86431
86432
86433
86434
86435
86436
86437
86438
86439
86440
86441
86442
86443
86444
86445
86446
86447
86448
86449
86450
86451
86452
86453
86454
86455
86456
86457
86458
86459
86460
86461
86462
86463
86464
86465
86466
86467
86468
86469
86470
20505
08430
20822
15461
19201
80041
51142
86391
86392
86393
86394
86395
86396
89120
22116
94313
15431
75653
52133
66410
52130
52201
52202
52203
52204
52205
28406
81700
81701
81702
81703
81704
45240
45240
81726
19240
09611
10000
10001
10002
10003
10004
10005
10006
10007
10008
10009
10010
10011
10012
10013
10014
10015
10016
10017
10018
10019
10020
10021
10022
10023
10024
10025
10026
10027
10028
10029
10030
10031
23100
35310
19973
80431
07733
16340
08742
19521
17620
81780
81781
77751
19321
24631
78316
80630
44712
08145
80028
26334
72012
74822
81533
89667
67313
74610
37240
48523
07424
55609
07823
77450
66012
82446
19950
82620
17543
07415
84692
38625
64150
86590
20420
47310
48467
68732
64271
47234
81472
23806
89675
15005
53841
69001
69002
69003
69004
69005
69006
69007
69008
69009
69010
69011
69012
69013
69014
69015
69016
69017
69018
69019
69020
69021
69022
69023
69024
69025
69026
69027
69028
69029
69030
69031
69032
69033
69034
69035
69036
69037
69038
69039
69040
69041
69042
69043
69044
69045
69046
69047
69048
69049
69050
69051
69052
69053
69054
69055
69056
69057
69058
69059
69060
69061
69062
69063
69064
69065
69066
69067
69068
69069
69070
69071
69072
69073
69074
69075
69076
69077
69078
69079
69080
69081
69082
69083
69084
69085
69086
69087
69088
69089
69090
69091
69092
69093
69094
69095
69096
69097
69098
69099
69100
69101
69102
69103
69104
69105
69106
69107
69108
69109
69110
69111
69112
69113
69114
69115
69116
69117
69118
69119
69120
69121
69122
69123
69124
09620
80461
23223
12440
70534
34000
13605
60034
87042
68251
35314
31050
59400
59401
59402
59403
59404
59405
37552
66740
62406
67772
67773
67774
67775
67776
66700
64400
64401
64402
64403
64404
64405
64406
64407
47300
47301
47302
47303
47304
47200
47201
47202
47203
47204
85621
20202
59413
44313
07600
07830
35709
35700
35701
35702
35703
35704
35705
35706
66514
53860
08832
60133
19526
52910
60307
74853
19235
87023
38100
38101
38102
38103
38104
80360
09214
81110
93740
93741
85520
34609
85765
26232
74372
45632
63400
63401
63402
63403
63404
63405
63406
63407
63408
63409
27410
27400
27401
27402
27403
27404
27405
27406
67211
51280
51281
41022
89650
22155
86252
39215
90441
48115
93294
85018
48451
19700
80700
62200
62201
62202
62203
62204
62205
62206
62207
62208
62209
94323
34609
86783
86784
86785
86786
86787
86788
86789
86781
20040
45300
08632
07200
27635
22432
52952
84440
12415
71320
09724
94644
57145
67200
38260
42839
62113
75400
20320
15562
63322
84557
78250
60144
13253
13254
13255
81071
76000
76001
76002
76003
76004
76005
76006
76007
76008
76009
76010
76011
76012
76013
76014
76015
76016
76017
76018
76019
76020
76021
76022
76023
76024
76025
76026
76027
76028
76029
76030
34375
20132
19011
15152
17580
41113
11163
59033
90436
94445
68600
64300
64301
64302
64303
64304
64305
64306
64307
64308
64309
64310
64311
64312
64313
64314
64315
64316
64317
64318
30300
30301
30302
30303
30304
30305
30306
30307
30308
30309
67560
52520
52521
86793
22700
78351
82544
90130
53711
75031
56171
28624
72142
19630
16732
19950
94092
08200
08201
08202
08203
08204
08205
08206
08207
08208
08209
08210
08211
08212
08213
08214
08215
08216
08217
08218
08219
08220
08221
08222
08223
08224
08225
08226
08227
08228
08229
08230
08231
08232
08233
08234
08235
08236
08237
08238
08239
08240
08241
08242
08243
08244
08245
08246
08247
08248
08249
08250
08251
08252
08253
08254
08255
08256
08257
08258
08259
08260
08261
08262
08263
08264
08265
08266
08267
08268
08269
08270
08271
08272
08273
08274
08275
08276
08277
08278
08279
08280
08281
08282
08283
08284
08285
08286
08287
08288
08289
90100
12110
67023
09730
85510
28337
59222
16700
09200
09201
09202
09203
09204
09205
59421
56030
22100
41644
74343
20240
17450
75110
62310
62311
62312
51153
74612
20515
67815
37525
67460
75800
38431
87100
94840
22400
52473
08623
57212
09533
90532
07420
17084
56232
77300
68723
87250
87251
77534
89633
87040
32300
32301
32302
32303
32304
32305
32306
32307
32308
32309
32310
32311
32312
32313
32314
32315
32316
32317
32318
80400
80401
80402
80403
80404
71300
71301
71302
71303
71304
71305
71306
71307
71308
71309
53830
57520
68643
64341
74830
20800
60427
59050
70050
34220
19331
55219
51909
90125
44500
73490
87420
70530
68653
71030
42721
37613
37614
92032
19001
19002
19003
08112
26010
64319
53275
20622
09340
42521
24332
63240
68751
60420
08841
39500
51990
51991
51992
51993
51994
67844
89641
35331
17023
53742
16251
87030
24812
53607
87371
27630
57060
34541
41443
64662
20500
07313
74800
07813
37331
74350
24533
09812
35350
90640
19446
07402
64000
64001
64002
64003
64004
64005
64006
64007
19022
87040
60100
89334
85561
51226
60050
27247
45200
81645
68303
11135
42833
72563
23652
68650
93889
57125
75022
15530
68655
23726
52512
51030
59300
07850
07851
23660
35312
24532
87324
94783
41723
34550
19971
26525
41145
60014
89623
39122
45630
78360
19122
07455
77540
20243
74530
78660
39200
57453
60231
20422
17411
90620
57103
38701
08652
37131
08435
45000
19722
19732
16320
63734
09543
63021
08645
08010
66000
22313
07332
19016
17122
17450
17000
39100
82631
62011
08711
08712
35523
08053
47631
47600
60023
44661
62713
35306
47844
20384
90512
38740
63100
63101
63102
63103
63104
63105
63106
63107
63108
53631
78200
78201
78202
78203
78204
78205
78206
78207
78208
78209
78210
78211
78212
08032
90043
90044
90045
15563
89636
42523
85520
81562
81563
77164
80610
16442
80080
60140
28400
75131
63720
19254
19252
55230
48122
67220
41600
41601
41602
41603
41604
41605
41606
41607
41608
41609
41610
41611
41612
41613
41614
41615
15170
70651
52412
85100
85101
85102
85103
85104
85105
85106
85107
85108
85109
85110
85111
85112
85113
85114
85115
85116
85117
85118
85119
85120
85121
85122
85123
85124
85125
85126
85127
85128
85129
72364
55343
74640
85542
86241
66213
87172
77036
23053
77330
08715
45150
90433
19040
17050
08033
31345
48260
48261
48262
48263
48264
22445
22146
34700
07544
92652
60213
13514
74824
19772
63540
42140
60410
08012
90332
16200
48370
81542
34532
11500
12500
12501
12502
12503
12504
12505
62454
62455
74986
20441
86499
19400
19401
19402
19403
19404
19405
19406
19407
19408
44111
60426
82616
78240
66131
59223
89435
15300
20813
20331
89643
78640
78600
78601
78602
78603
78604
42342
90223
59011
60352
15443
75130
35000
35001
35002
35003
35004
35005
35006
35007
35008
59410
60340
38606
68820
57261
62491
51112
08298
48271
20341
63513
38822
74012
90413
39411
81033
81034
84300
84301
84302
84303
84304
84305
84306
84307
84308
84309
84310
84311
84312
84313
84314
84315
84316
84317
84318
84319
84320
84321
84322
84323
84324
84325
84326
84327
84328
84329
84330
84331
84332
84333
84334
84335
84336
84337
84338
84339
84340
84341
84342
84343
84344
84345
84346
84347
84348
84349
84350
84351
84352
84353
84354
84355
84356
84357
84358
84359
84360
84361
84362
84363
84364
84365
84366
84367
84368
84369
84370
84371
84372
84373
84374
84375
84376
84377
84378
84379
84380
84381
84382
84383
84384
84385
84386
84387
84388
84389
84390
77340
31000
31001
31002
31003
31004
31005
31006
31007
31008
31009
31010
11723
07451
85571
08751
55121
52912
85630
85631
85632
85633
85634
38341
63300
63301
63302
63303
63304
63305
63306
63307
94407
53071
80560
57412
08725
41670
62410
15572
59022
62000
62001
62002
62003
62004
62005
62006
62007
64620
64621
23733
57434
42400
92915
67560
78330
85040
41040
17210
94654
86240
94500
07053
20123
47000
47001
47002
47003
47004
47005
47006
47007
47008
47009
92900
24027
39600
39601
39602
39603
39604
39605
39606
39607
39608
39609
39610
39611
39612
39613
39614
39615
39616
39617
39618
39619
39620
39621
39622
39623
39624
39625
39626
39627
39628
39629
39630
39631
39632
39633
39634
39635
39636
39637
39638
39639
39640
39641
39642
39643
39644
39645
39646
39647
39648
39649
39650
39651
39652
39653
39654
39655
39656
39657
39658
39659
39660
39661
39662
39663
39664
39665
39666
39667
39668
39669
39670
39671
39672
39673
39674
39675
39676
39677
39678
39679
39680
39681
39682
39683
39684
39685
39686
39687
39688
39689
67540
94632
19922
63311
86300
75225
31252
20115
55104
55101
85030
19215
20451
81643
52300
57121
86183
28630
68742
16213
76493
34530
90511
41300
19763
08162
60051
81364
35541
19760
16713
16645
19932
08635
67562
24600
08136
08660
68720
52350
42766
42753
56418
87132
20051
24011
68261
80362
16300
61026
87260
19614
60425
63709
63700
63701
63702
63703
63704
63705
63706
63707
63708
85490
85612
85613
85614
42217
16545
51840
51841
63730
84052
80725
55120
87321
62405
78665
17642
28227
57550
15252
67450
90151
70450
82652
80335
45663
71774
92652
17583
24320
24321
20382
37710
75722
90554
39541
47400
47401
47402
47403
47404
78455
81113
83491
67633
07360
64512
20840
08333
42200
17342
20634
64420
64421
64422
67020
51254
60125
60111
07203
56234
19020
67562
08172
27614
09513
44635
53041
19640
31651
31500
07411
24310
82162
07410
08451
82127
09260
64514
84400
84401
84402
84403
84404
84405
84406
84407
84408
84409
65496
67452
67453
63463
57284
82511
17584
45601
63221
11320
81134
45212
27015
42500
22500
09263
77463
08014
62414
90415
20650
77455
81126
93100
93101
93102
93103
93104
93105
93106
93107
93108
93109
93110
93111
93112
93113
93114
93115
93116
93117
93118
93119
93120
93121
93122
93123
93124
93125
93126
93127
93128
93129
93130
93131
93132
93133
93134
93135
93136
93137
93138
93139
93140
93141
93142
93143
93144
93145
93146
93147
93148
93149
93150
93151
93152
93153
93154
93155
93156
93157
93158
93159
93160
93161
93162
93163
93164
93165
93166
93167
93168
93169
93170
93171
93172
93173
93174
93175
93176
93177
93178
93179
93180
93181
93182
93183
93184
93185
93186
93187
93188
93189
93190
93191
93192
93193
93194
93195
93196
93197
93198
93199
87370
20532
11140
70333
19300
82421
19030
07334
22300
17111
52120
52121
52122
19944
38420
51830
09321
92211
53020
64600
64601
64602
64603
64604
64605
64606
08014
32216
07720
93746
45500
15660
77560
60235
80262
59241
16663
08667
20453
37200
89634
56180
53240
37500
37501
37502
37503
37504
37505
37506
37507
37508
37509
37510
37511
37512
37513
37514
37515
37516
37517
37518
37519
37520
37521
37522
37523
37524
37525
37526
37527
37528
37529
37530
37531
37532
37533
37534
37535
37536
07831
28335
91000
85662
24820
11300
59342
20830
09544
59230
23234
55113
70410
19110
44810
87150
39132
92000
43000
55250
31534
19300
51140
45638
79000
74333
13100
08360
66502
15041
44200
72011
74822
45034
62032
44300
62433
62434
62435
62436
81776
07352
38130
37353
82030
70037
78616
51012
19960
60313
51100
80327
08432
55110
66705
52511
89676
08000
08001
08002
93652
86100
86101
86102
86103
86104
86105
86106
86107
86108
86109
86110
86111
86112
86113
86114
86115
86116
86117
86118
86119
86120
86121
86122
86123
86124
86125
86126
86127
86128
86129
86130
86131
86132
86133
86134
86135
86136
86137
86138
86139
86140
86141
86142
86143
86144
86145
86146
86147
86148
86149
86150
86151
86152
86153
86154
86155
86156
86157
86158
86159
86160
86161
86162
86163
86164
86165
86166
86167
86168
86169
86170
86171
86172
86173
86174
86175
86176
86177
86178
86179
86180
20754
17152
32445
08034
15654
72514
85622
07040
39720
20345
71674
19924
26200
62341
17523
08450
74510
55122
39451
08730
39320
20030
08523
08640
35212
56214
80383
11603
63525
60322
34610
68090
70454
74823
53612
87010
09052
89040
08158
59343
60364
87400
44600
39062
24422
20100
77772
67761
53400
86200
56425
87500
87501
87502
87503
87504
87505
87506
87507
87508
87509
87510
87511
87512
87513
87514
87515
87516
87517
87518
87519
87520
87521
87522
87523
87524
87525
87526
87527
87528
87529
87530
87531
87532
87533
87534
87535
87536
87537
87538
87539
87540
87541
87542
87543
87544
87545
87546
87547
87548
87549
87550
87551
87552
87553
87554
87555
87556
87557
87558
87559
87560
87561
87562
87563
87564
87565
87566
87567
87568
87569
87570
87571
87572
87573
87574
87575
87576
87577
87578
87579
87580
87581
87582
87583
87584
87585
87586
87587
87588
87589
87590
24248
92400
31540
17421
80674
67154
62820
26033
08343
37361
19041
16711
51141
56174
52505
85600
85601
85602
74863
45744
51261
87210
12725
08650
37412
19344
53842
08850
70035
19751
20631
09151
22133
39402
15460
67654
64012
20930
23226
09751
82161
31530
90000
52900
80084
51473
42230
19035
42453
87441
51217
51218
72300
72301
72302
72303
72304
72305
72306
72307
72308
72309
72310
72311
72312
72313
72314
72315
72316
72317
72318
72319
63260
92500
20933
48752
15600
62472
62473
62474
62475
87323
57215
55223
59236
82013
35740
48120
78590
08112
59220
38630
81135
89427
37600
37601
37602
37603
37604
37605
37606
37607
37608
37609
84051
85320
85321
85322
85323
85324
85325
85326
85327
85328
85329
87124
72350
08361
67652
75014
09241
35623
52570
75014
08800
08801
08802
08803
08804
27611
64134
84791
13033
13034
13035
13036
42410
42411
42412
42413
42414
42415
08104
09712
38013
53820
84030
12422
72000
72001
72002
72003
72004
72005
72006
72007
94311
38541
08110
64143
20825
15552
15553
60234
59040
71321
87130
57215
51610
19512
35100
81772
87311
51040
24000
26333
35832
82119
34634
20540
07425
67751
20146
28524
67840
60415
94415
71716
71717
16726
81557
48300
48301
48302
48303
48304
48305
19100
20210
07526
82482
82483
19970
86240
42525
83492
83493
83494
83495
83496
83497
81300
81301
81302
81303
81320
92654
92654
56470
13150
08522
08060
60121
19615
27453
20432
17113
75023
08125
89600
23530
62020
62021
82055
23400
37830
41351
81512
48161
74351
08643
81105
19223
68821
48543
82126
78400
78401
78402
78403
78404
78405
78406
78407
78408
78409
52512
75226
77515
52405
09300
42302
80654
11401
09633
63343
15314
08024
90365
90114
53012
60035
42100
16600
16601
16602
16603
16604
16605
16606
16607
16608
16609
16610
16611
16612
16613
16614
16615
16616
16617
16618
16619
16633
82431
60152
07853
07854
13643
22800
22801
22802
22803
22804
22805
81013
81014
34540
09843
27652
59330
90540
67661
68122
23609
20140
19422
30100
16243
19831
39354
57140
92252
53810
80263
82043
78013
93290
90440
89441
93632
89130
59035
74700
59357
74741
78615
78218
77620
90571
92612
86184
86185
86186
86187
86188
82455
42356
70425
81135
07361
42355
76494
54001
54002
54003
54004
54005
54006
54007
54008
54009
54010
54011
54012
54013
54014
54015
54016
54017
54018
54019
54020
54021
54022
54023
54024
54025
54026
54027
54028
54029
54030
54031
54032
54033
54034
54035
54036
54037
54038
54039
54040
54041
54042
54043
54044
54045
54046
54047
54048
54049
54050
54051
54052
54053
54054
54055
54056
54057
54058
52744
84180
84181
84182
08032
56009
67003
41854
64334
81600
81601
81602
81603
81604
57262
56023
63310
85720
87000
52470
75033
53200
64780
80013
07751
07623
17461
12114
63200
63201
63202
63203
63204
63205
63206
63207
63208
39140
19752
67821
67572
19912
75631
39704
74900
75122
64721
56602
28042
32600
28200
16000
85294
85295
85296
85297
77360
87600
87601
87602
87603
87604
87605
93500
52070
62545
74231
75560
87333
85752
26100
92310
72330
72420
56217
71322
45400
74200
71731
11700
75540
75541
85483
85484
12441
72520
56022
94786
55625
71331
60236
85010
85011
93193
25491
89624
07811
70422
23341
82022
90350
87253
84043
13419
28610
66551
87240
57061
87022
55323
84573
53003
52420
26000
26001
85654
51200
52066
70101
57250
75712
37562
37714
63732
56212
85701
56341
85570
51130
57330
56651
51046
52441
52442
52443
52444
63523
71214
55642
53003
92303
74360
94455
57055
56230
85610
20934
60300
80745
68830
03027
81621
51284
57121
68250
86024
63201
15502
30611
84040
93891
51291
85732
75300
53550
85640
27100
56220
19942
22223
57437
55654
85340
85341
85342
53150
57115
81053
81054
11050
11051
11052
67550
15214
59044
11144
16410
07354
39300
81714
68711
15013
55600
17453
80217
81464
07843
81652
81653
81654
81655
87230
28310
80465
11154
11420
23151
17105
78060
16510
24355
39052
38230
16223
41120
81115
87634
41340
08700
07254
52030
67801
11100
64532
80256
15100
68712
35820
45650
39260
34331
17430
09129
47264
12443
68660
59443
67900
44603
20355
11000
53751
85710
80533
78040
90324
78120
15575
15576
45263
85730
74621
24830
86490
86491
62620
62431
20260
20261
20262
90141
93653
90542
90544
42127
19523
16763
09635
26600
57113
62360
39713
26244
55123
38430
90313
89412
20412
59434
28100
82164
38164
60445
86081
22600
38510
53110
64640
64641
70500
68721
35313
37702
19515
51012
86050
72143
68831
16070
51215
53620
18007
59321
24456
71160
64340
32532
42424
74210
17044
60520
20363
09631
80051
35800
35801
35802
35803
35804
35805
35806
35807
19250
35113
07520
08063
70406
75340
78223
17550
19233
63262
15313
72562
57500
86020
86021
55111
38270
80250
45342
64611
52640
85672
77421
27519
57313
15503
51400
51401
51402
51403
51404
51405
51406
51407
51408
51409
51410
51411
51412
51413
53250
28110
20340
20522
38712
59006
28023
84694
07750
64660
84536
16730
52012
62013
62014
62015
81135
78432
08062
23521
80664
86595
64100
64101
64102
64103
64104
64105
64106
64107
64108
64109
93200
55200
55201
55202
55203
55204
55205
55206
55207
55208
55209
55210
55211
55212
55213
55214
55215
55216
55217
55218
55219
52541
86051
57232
66710
19613
60010
94300
77662
42083
22134
27037
81200
81201
81202
81203
19840
78420
57220
09246
62367
89200
89201
89202
51221
08420
08400
08401
08402
08403
08404
08405
08406
08407
08408
08409
60122
52800
12746
86053
92354
56151
37233
63832
07821
62416
62417
62418
81640
66110
24700
24700
51283
63332
63333
63334
39701
19723
27037
57064
20531
47704
51801
60423
66860
67241
38832
37333
62440
17454
53107
28300
94540
94541
94542
94543
94544
94545
94546
67623
87221
64282
37673
67810
70015
52700
19530
08130
70405
63650
62800
62801
62802
62803
62804
62805
62806
62807
62808
78275
16040
85293
62461
62462
62463
85280
85281
85282
85283
85284
08811
90354
07840
07342
37000
37001
37002
37003
37004
23205
31250
19320
72214
78633
52630
44010
42024
67950
68232
08622
62503
26245
37323
16453
22252
72040
07450
62607
47704
30320
20812
22132
35523
09732
77430
26555
15452
07416
22200
82181
90325
47800
47801
47802
47803
47804
47805
62371
60363
60134
26122
45602
48000
48001
48002
48003
48004
48005
78256
52001
52002
52003
52004
92723
55222
47721
52001
52002
52003
52004
82612
80671
77451
77352
20143
66300
66301
66302
66303
66304
66305
66306
66307
66308
66309
66310
66311
66312
66313
66314
19725
82450
77441
81085
11132
62458
16211
53300
52351
57555
85300
85301
85302
85303
85304
85305
85306
85307
85308
85309
37812
53600
38413
12625
44416
51150
34352
08463
70600
70601
70602
70603
70604
70605
08656
30500
30501
30502
30503
30504
30505
30506
30507
30508
30509
70240
89313
34530
20342
78593
30620
08442
80761
27030
80644
80640
30511
16220
93300
93301
93302
93303
93304
93305
93306
93307
93308
78356
13503
24733
37633
20735
19155
45311
51643
12225
08824
39741
80005
77716
47025
47026
47027
37423
84161
75830
72145
72401
07253
54124
56523
56445
19744
93191
93192
52413
56131
53270
19952
62630
44614
67820
17500
72100
72101
72102
75655
87643
68350
68312
75509
72013
56241
64223
28020
17035
94784
86192
08322
53610
92420
63230
19023
08344
62320
08410
51022
19241
39051
82421
77041
12004
08840
81100
81101
81102
81103
81104
41500
59102
07413
77407
78254
64252
09841
52100
61108
80316
80317
75113
80200
80201
80202
80203
35500
35501
35502
35503
35504
35505
35506
35507
35508
38333
07024
41224
15470
12201
67212
52120
15022
53081
11411
52523
67400
75810
87252
74840
52532
52533
20824
93543
84150
74991
09600
09601
09602
09603
09604
09605
60320
77516
78114
89620
81473
53092
20507
38751
86691
44100
67308
34371
32450
23536
90600
20910
37343
19943
60312
80078
80460
68800
68801
68802
68803
68804
68805
68806
68807
68808
68809
15000
59414
41832
38400
38401
38402
59445
64135
09230
09231
82151
45606
94700
27160
75530
85760
17142
62481
77000
77001
77002
77003
77004
20145
08351
93743
81521
85310
85311
85312
85313
85314
85315
20324
16260
07414
45101
78635
16714
07412
07412
77604
24212
37330
81634
07241
72012
81650
67324
53723
86221
89423
70304
45626
09600
09601
09602
09603
09604
09605
34200
63211
90410
67843
60227
13001
13002
55270
20416
09623
42000
37650
20375
59032
08835
23807
22542
60154
31362
38751
59111
20726
74531
93000
93001
93002
93003
93004
93005
93006
93007
93008
93009
93010
93011
93012
93013
93014
93015
93016
93017
93018
93019
93020
93021
93022
93023
93024
93025
93026
93027
93028
93029
93030
93031
93032
93033
93034
93035
93036
93037
93038
93039
93040
93041
93042
93043
93044
93045
93046
93047
93048
93049
93050
93051
93052
93053
93054
93055
93056
93057
93058
93059
93060
93061
93062
93063
93064
93065
93066
93067
93068
93069
93070
93071
93072
93073
93074
93075
93076
93077
93078
93079
93080
93081
93082
93083
93084
93085
93086
93087
93088
93089
93090
93091
93092
93093
93094
93095
93096
93097
93098
93099
62534
84411
37461
81440
81441
81642
24723
79493
79494
12320
07430
17570
17420
13600
31363
60030
64412
62332
19602
90551
37336
57462
85735
15321
92350
20233
41820
75550
37314
44350
60330
82151
42842
62034
81085
67360
17530
19231
09610
37642
64270
66200
80041
38033
19644
42343
78453
86251
07534
57359
42520
52173
08665
16322
26332
22022
16673
44113
81400
81401
81402
81403
81404
81405
22163
20752
42440
23556
87220
68200
34504
87592
87593
37340
80713
32034
19133
87651
19424
31134
64500
64501
64502
64503
64504
64505
64506
64507
89300
34120
77605
37312
92600
94800
94801
94802
94803
94804
94805
94806
94807
94808
94809
94810
94811
94812
94813
94814
94815
94816
94817
94818
94819
41226
07444
27500
39262
84792
85040
67513
19622
08472
85770
30613
52433
85020
85021
84130
84131
84132
84133
84134
84135
08141
56653
08033
93400
84522
84523
84524
15522
15523
87632
55142
62479
80086
39431
85400
85401
85402
85403
85404
85405
85406
85407
85408
85409
85410
85411
85412
85413
85414
85415
85416
85417
85418
85419
85420
85421
85422
85423
85424
85425
85426
85427
85428
85429
85430
85431
85432
85433
85434
85435
85436
85437
85438
85439
85440
85441
85442
85443
85444
85445
85446
85447
85448
85449
85450
85451
85452
85453
85454
85455
85456
85457
85458
85459
85460
85461
85462
85463
85464
85465
85466
85467
85468
85469
85470
85471
85472
85473
85474
85475
85476
85477
85478
85479
85480
60216
23316
19443
59131
53502
72355
07552
81162
55330
38200
42510
19315
15400
15401
82471
07423
37254
15125
78142
60230
37332
56223
67780
17592
86250
41000
44442
34052
68523
75342
20615
63050
19452
12444
42533
52500
20050
09634
07351
22865
75700
48722
47851
80712
09000
09001
09002
09003
19210
15013
82600
82601
82602
22615
47814
19951
38813
52580
52581
42456
82660
82661
30000
30001
30002
30003
30004
30005
30006
30007
30008
30009
30010
30011
30012
30013
07100
07101
07102
07103
07104
07105
07106
07107
07108
07109
07110
07111
07112
07113
07114
07115
07116
07117
07118
07119
07120
07121
07122
07123
07124
07125
07126
07127
07128
07129
07130
07131
07132
07133
07134
07135
07136
07137
07138
07139
07140
07141
07142
07143
07144
07145
07146
07147
07148
07149
07150
07151
07152
07153
07154
07155
07156
07157
07158
07159
07160
07161
07162
07163
07164
07165
07166
07167
07168
07169
07170
07171
07172
07173
07174
07175
07176
07177
07178
07179
07180
07181
07182
07183
07184
07185
07186
07187
07188
07189
07190
07191
07192
07193
07194
07195
07196
07197
07198
07199
52911
93701
84100
84101
84102
84103
84104
84105
84106
84107
84108
84109
84110
84111
84112
84113
84114
84115
84116
84117
84118
84119
84120
84121
84122
84123
84124
84125
84126
84127
84128
84129
85665
62321
09250
41714
23505
66050
52005
64020
11122
80735
20700
42033
26223
90110
93532
16333
35160
80234
35680
63042
86500
86501
86502
86503
86504
86505
86506
86507
86508
86509
86510
86511
86512
86513
86514
86515
86516
86517
86518
86519
86520
86521
86522
86523
86524
86525
86526
86527
86528
86529
86530
86531
86532
86533
86534
86535
86536
86537
86538
86539
86540
86541
86542
86543
86544
86545
86546
86547
86548
86549
86550
86551
86552
86553
86554
86555
86556
86557
86558
86559
86560
86561
86562
86563
86564
86565
86566
86567
86568
86569
86570
86571
86572
86573
86574
86575
86576
86577
86578
86579
57309
34250
80753
15200
15532
78300
78301
78302
78303
78304
41124
23820
80000
80001
80002
80003
80004
80005
17312
90450
60200
80424
39352
24635
19253
63420
27641
81130
84545
52400
22634
12141
89460
62370
81131
77753
90575
90576
90577
90578
89321
16103
08423
08054
80193
34652
92606
07711
53050
86485
86486
70113
55253
19610
08131
94552
44543
08363
86080
77624
51263
41354
84052
17300
89452
90613
78614
85373
17053
12610
09400
09401
09402
57050
67322
38152
60044
09245
09210
75051
23160
93600
63232
12430
60432
16460
44400
59017
75630
13413
07632
31400
17260
32385
11581
81052
37823
92700
87200
87201
87202
87203
87204
87205
63251
63252
63253
63254
44332
87110
08362
34210
67730
31100
31101
31102
31103
31104
31105
31106
31107
31108
31109
85635
85636
85552
19510
20330
08714
77712
59048
77474
66833
07353
68310
15504
80410
19954
87591
77452
13133
63011
77543
31146
62560
82000
82001
82002
82003
47270
38541
94000
19451
90451
82172
82173
82174
82175
20208
19632
23255
72454
42304
73488
87320
19031
34560
20354
71611
85665
27656
57107
38744
52050
09844
37331
78333
42303
20246
86233
08436
15661
81615
78620
59000
89421
08114
80220
89655
24831
07225
82092
81460
75583
09212
23210
12525
45603
48127
82400
82401
82402
82403
82404
82405
82406
82407
82408
82409
82410
82411
82412
82413
82414
82415
82416
82417
82418
82419
67050
64360
24715
20514
31323
87221
27444
20940
07340
68640
64508
30430
81340
81341
07205
08333
40000
40001
40002
40003
40004
40005
40006
40007
40008
40009
40010
40011
40012
40013
40014
40015
40016
40017
40018
40019
40020
40021
40022
40023
40024
40025
40026
40027
40028
40029
40030
40031
40032
40033
40034
40035
20741
07710
38714
52064
52410
44722
11775
23320
42506
39234
81513
94420
67821
38432
60422
20353
82391
56415
08325
57441
75580
91480
89642
56311
67555
15323
32514
68730
74988
74989
75656
74862
72242
19052
65496
87594
17200
20400
20401
20402
20403
20404
20405
20406
20407
20408
20434
20334
92312
35641
63450
08161
75140
60350
07350
60430
09500
09501
09502
09503
09504
69061
68500
68100
78596
26330
38720
57430
81330
90343
09822
20842
09622
87100
87019
30600
30601
30602
30603
30604
30605
30606
30607
30608
32212
23800
68421
65490
60436
90550
48100
48101
48102
48103
48104
48105
09133
90564
38762
07240
60543
70150
57115
62421
51500
51501
51502
51503
51504
51505
51506
51507
51508
51509
70010
20733
90545
81610
42110
72333
35512
19214
09800
09801
09802
09803
09804
23644
15410
72034
20815
19962
16560
20924
59054
53743
19211
27013
67934
78000
78001
78002
78003
78004
20643
78250
57030
75040
71701
71702
71703
71704
71705
71706
71707
71708
71709
53853
41411
48630
53500
34240
20344
24200
20920
62712
87050
78162
60311
78161
26106
86600
86601
86602
86603
86604
86605
86606
86607
86608
86609
86610
86611
86612
86613
86614
86615
86616
86617
86618
86619
86620
86621
86622
86623
86624
86625
86626
86627
86628
86629
86630
86631
86632
86633
86634
86635
86636
86637
86638
86639
86640
86641
86642
86643
86644
86645
86646
86647
86648
86649
86650
86651
86652
86653
86654
86655
86656
86657
86658
86659
86660
86661
86662
86663
86664
86665
86666
86667
86668
86669
86670
86671
86672
86673
86674
86675
86676
86677
86678
86679
86680
86681
86682
86683
86684
86685
86686
86687
86688
86689
86690
85200
85201
85202
85203
85204
85205
85206
85207
85208
85209
85210
85211
85212
85213
85214
85215
85216
85217
85218
85219
85220
85221
85222
85223
85224
85225
85226
85227
85228
85229
85230
85231
85232
85233
85234
85235
85236
85237
85238
85239
85240
85241
85242
85243
85244
85245
85246
85247
85248
85249
85250
85251
85252
85253
85254
85255
85256
85257
85258
85259
85260
85261
85262
85263
85264
85265
85266
85267
85268
85269
85270
85271
85272
85273
85274
85275
85276
85277
85278
85279
45612
93280
93281
07454
27440
48431
55140
56535
08722
94092
67641
16060
56050
86790
12345
24300
45214
78353
42600
42601
42602
42603
16742
24342
12460
82200
82201
82202
82203
82204
82205
82206
82207
82208
82209
82210
82211
82212
82213
82214
82215
82216
82217
82218
82219
82220
82221
82222
82223
82224
82225
82226
82227
82228
82229
82230
82231
82232
82233
82234
82235
82236
82237
82238
82239
82240
82241
82242
82243
82244
82245
82246
82247
82248
82249
82250
82251
82252
82253
82254
82255
82256
82257
82258
82259
82260
82261
82262
82263
82264
82265
82266
82267
82268
82269
82270
82271
82272
82273
82274
82275
82276
82277
82278
82279
82280
82281
82282
82283
82284
82285
82286
82287
82288
82289
82290
82291
82292
82293
82294
82295
82296
82297
82298
82299
20922
09152
19611
23600
23601
23602
23603
23604
23605
23606
15150
44140
22513
44801
80342
78253
82500
82501
82502
89223
60433
82632
35415
11123
23300
66052
34544
19220
77400
77401
77402
77403
77404
78410
90500
82424
86481
86482
86483
85670
20011
90514
80064
80065
76492
45715
77423
42432
81553
85334
85335
85336
67731
88000
09161
09162
09163
80252
08720
85485
22320
22032
09235
08471
56644
67032
41856
20301
64844
94442
87455
67663
87371
92006
41732
85650
70214
38315
44731
08653
28600
90520
78344
68645
11571
90352
08044
08500
08501
08502
08503
08504
08505
08506
08507
08508
08509
08541
94344
38032
19312
07263
70629
39531
67571
77011
19920
93720
68321
09150
19136
08741
09213
86700
86701
86702
86703
86704
86705
86706
86707
86708
86709
86710
86711
86712
86713
86714
86715
86716
86717
86718
86719
86720
86721
86722
86723
86724
86725
86726
86727
86728
86729
86730
86731
86732
86733
86734
86735
86736
86737
86738
86739
86740
86741
86742
86743
86744
86745
86746
86747
86748
86749
86750
86751
86752
86753
86754
86755
86756
86757
86758
86759
86760
86761
86762
86763
86764
86765
86766
86767
86768
86769
86770
86771
86772
86773
86774
86775
86776
86777
86778
86779
86780
17270
19634
26331
73000
19320
19236
78632
85766
67667
78318
20220
19533
26225
42034
22000
15510
29000
29001
29002
29003
29004
29005
29006
29007
29008
29009
29010
29011
29012
29013
29014
29015
29016
29017
29018
29019
29020
29021
29022
29023
29024
29025
29026
29027
16422
81351
82428
81750
81751
81752
81753
08173
15331
67660
37634
77408
80013
35840
37800
48240
48241
48242
48243
48244
12101
30220
16460
42320
60000
60001
60002
60003
60004
60005
17110
08171
62572
08473
35220
76495
20000
53052
62480
19781
19643
90400
41746
19603
78300
51822
19603
42750
82060
82061
51000
19537
67131
52172
24545
08853
08454
19114
27430
77640
62441
85486
45233
78413
08162
60412
08135
62343
32442
41143
51820
75200
19310
52663
89435
84551
84552
84553
84554
84555
84556
38150
17036
31600
90361
28063
94660
75221
08042
19604
62650
80100
80101
80102
80103
80104
80105
80106
80107
80108
80109
80110
80111
80112
80113
80114
80115
80116
80117
80118
80119
80120
80121
80122
80123
80124
80125
80126
80127
80128
80129
80130
80131
80132
80133
80134
80135
80136
80137
80138
80139
80140
80141
80142
80143
80144
80145
80146
80147
80148
80149
80150
80151
80152
80153
80154
80155
80156
80157
80158
80159
80160
80161
80162
80163
80164
80165
80166
80167
80168
80169
80170
80171
80172
80173
80174
80175
80176
80177
80178
80179
80180
80181
80182
80183
80184
80185
80186
80187
80188
80189
80190
53283
53284
53285
13434
64132
94830
94831
94832
64250
19225
94320
09814
60444
62340
51272
84162
84163
84164
84165
84166
18000
60345
87142
24100
78112
51111
42744
41740
63842
14000
71202
77460
75024
19901
07270
58000
08074
77471
74841
68000
67570
90363
37101
94340
19646
74835
23124
78126
12300
12301
12302
12303
12304
07741
09220
20370
81798
78123
77015
24800
20122
90632
81720
31310
20900
11725
89640
81144
53030
53271
75320
63544
89652
75570
89500
89501
89502
89503
89504
89505
89506
89507
89508
89509
11620
19901
48500
48501
48502
48503
48504
48505
48506
48507
48508
48509
08321
63500
63501
63502
63503
63504
63505
63506
63507
63508
63509
59024
13205
77458
75635
52020
90510
42722
38803
16242
19132
67770
41470
09032
16430
24630
23500
20346
09638
62153
62154
32132
32445
85050
86200
86201
86202
86203
86204
86205
86206
86207
86208
86209
86210
86211
86212
86213
86214
86215
86216
86217
86218
86219
52543
85560
86791
44000
90457
60211
77556
07434
56052
68332
63600
63601
63602
63603
63604
63605
63606
63607
63608
20214
52053
85316
85317
85318
81321
63131
63440
20044
19453
30400
30401
30402
30403
30404
30405
30406
30407
30408
30409
20504
07812
59341
62651
60032
75052
93624
87650
53700
87263
90314
70413
57063
66800
38000
09170
81050
81051
63120
11151
53254
41100
09244
23614
07260
08122
20603
19812
42220
94548
09264
20014
92764
51810
19242
47100
47101
47102
47103
47104
17431
56553
85287
19760
94620
81160
42731
71501
71502
71503
71504
63524
91493
75126
94194
65481
16731
55001
55002
42317
86493
86494
86495
86496
86497
20245
24040
59440
20814
51300
51325
78621
17140
48265
81000
81001
81002
81003
81004
81005
19820
07700
07701
07702
07703
07704
07705
20042
16424
48467
23222
24234
87450
87451
23021
77422
42807
24500
81122
41200
30231
90233
78500
78501
78502
78503
78504
78505
78506
78507
78508
78509
78510
78511
78512
78513
78514
78515
38030
23740
32100
84432
60055
17423
20545
94782
80613
78143
77673
86000
86001
86002
86003
86004
86005
86006
86007
86008
86009
86010
86011
86012
86013
86014
86015
86181
94782
90630
84391
19616
80215
67642
08854