99000
33425
98500
96012
98400
97600
98660
98640
96100
97400
98300
97300
98670
96000
96300
96200
97152
96500
98680
95000
98000
98100
98600
23000
24400
21000
27300
23100
22700
22100
22400
22100
28835
24000
23400
22800
22600
24700
22200
23051
23800
23300
24200
24300
23600
22000
24100
23500
24500
44700
45700
45300
44500
45200
45000
43000
45400
44100
45100
44400
44800
44000
53800
52600
51600
51700
51900
49000
52200
52520
50000
53400
53200
51200
53300
51400
52800
51800
52700
53600
52100
52500
52400
53100
51500
53500
51000
53700
51300
86060
84000
87300
84500
85643
85500
85700
87000
84600
84700
85200
85000
85740
83000
84200
86400
86300
85100
84300
85300
84400
86100
87400
87500
85600
85300
86211
87600
85483
85400
84100
86500
87200
87100
86600
86700
86200
86000
12700
13300
12600
13000
11200
10000
11500
12500
13500
11400
11700
11100
11000
12746
13500
12200
13002
13600
12000
13200
90200
90300
89100
90100
89600
89200
90600
89300
90500
88000
90400
72500
71100
71600
71400
72200
70000
70200
71600
69000
71300
72300
70100
70500
70600
72400
72100
70300
71700
71200
71500
77200
77111
77100
78100
77500
76000
77300
78200
78600
78400
77000
77600
78300
77400
78000
71500
78500
01000
07500
09100
09700
08300
07800
08150
07400
08600
08531
08532
09300
07300
08630
08340
07600
07200
08200
09200
08700
08400
07000
09600
09000
07100
09400
09500
09800
08720
08500
08074
07700
28000
27300
27200
26600
26300
26500
28500
27400
25000
28400
28200
26100
26000
27100
28100
28300
27500
26400
28600
94200
94600
92800
94100
93800
94400
94500
63700
91000
93500
92300
93200
94300
93300
94700
93000
29260
94800
93400
93700
92700
94000
34890
92100
82300
80600
92100
81500
82100
81700
80300
80700
80400
80261
79000
29351
28257
29219
81200
81100
80200
81400
82600
80000
80193
82400
82000
29350
82200
82500
80100
81000
55300
56100
57400
57000
56500
56300
56400
55500
56000
54000
56600
55600
57500
57300
55000
68400
66100
67700
67600
67300
68700
68600
68000
68300
66000
66300
66600
67800
65000
67400
68800
66200
68200
68500
68100
66700
66800
65481
37300
39000
37400
38500
38100
39500
39200
39100
39800
38600
39600
37204
31550
37600
37842
39300
37700
37000
36000
38400
38200
37800
38800
38000
34600
35825
34300
35400
35200
35600
34100
34000
35700
34700
35000
34400
26511
35800
35500
33000
34550
42700
41800
41700
41400
41600
42400
42100
41500
42000
41000
40000
42600
41100
41200
47500
48700
48400
48200
48600
47300
47200
47600
48300
47800
48000
48100
46000
48500
47100
64200
64700
64800
62100
63800
63000
62500
62700
62300
64400
63400
47100
64300
64000
63100
63300
62000
62404
31264
64600
62433
62472
64109
62800
64500
61000
63500
75000
74300
74000
75500
75600
74600
75400
75800
74800
75643
74700
74900
74200
75300
75700
73000
75100
75200
30200
32500
31200
32000
32200
32400
30300
32300
31000
30100
32600
30500
30000
31400
31100
33060
29000
31600
30400
31600
32100
19633
19500
19800
19200
20200
19700
20800
19000
20500
19400
19027
19100
20700
20400
20300
20000
18000
20600
16500
17400
16400
17600
15100
15011
16700
17000
16200
25155
25160
16600
25178
17100
17500
15000
15400
17300
16100
17200
14000
15200
59200
60500
60400
59400
60100
59300
60236
60300
59100
60200
59000
60000
58000